0
70
21
18
23
40
34
133
211
16
21
150
25
48
31
70
13
22
35
79
18
16
15398
27
956
30
633
16
1250
16
17
14
24
420
71
14
655
95
16
181
85
79
37
23
259
725
15
27
2500
89
68
1241
50
685
81
50
484
34
12
117
17
233
192
13
36
407
793
27
25
12
117
631
206
98
14
78
327
16
747
18
176
14
15
35
1123
53
71
18
705
76
13
27
70
125
203
32
582
144
6011
430
69
55
20
160
147
14
11
28
113
867
114
1086
15907
12
15558
39
3978
113
67
4621
53
36
25
17
56
2511
30
18
282
3269
409
189
31
421
3727
12
14
108
28
205
29
44
220
17
24
117
686
441
236
76
2702
16
281
20
204
10
39
65
47
12
95
100
52
12
22
195
55
11
817
59
12
73
11
219
46
30
88
338
516
65
17
109
14
13
53
49
28
1043
138
58
12
1288
27
107
69
14
135
113
404
481
18
88
115
19
2540
12
62
40
21
1666
14754
363
68
18
12
14
189
67
10
21
13
140
93
56
13
14
439
34
1138
15
23
25
45
14
12
36
45
1647
147
32
177
31
25
54
54
119
23
521
97
142
2304
13
29
13
2100
3678
12
13
109
19
119
43
29
1276
756
24
12
90
258
15
19
42
865
73
83
12
10
346
28
21801
34
53
524
22
15
18
15
16
77
113
57673
87
30
106
19
79
12
24
19
21
4493
12
14
17
578
259
53
13
18
449
1509
22
24
13
66
843
60
29
184
2850
14
13
65
13
23
13
13
12
15
213
12
63
10
147
11
62
254
14
61
22
26
36
26
13
21
11
45
15
13
12
86
383
96
14
129
15
247
31
15
12
296
158
2775
46
56
745
15
99
56
110
130
31
452
75
88
109
12
39
8609
250
27
13
176
156
740
1069
132
18
1647
7071
13
88
7198
16
263
43
1583
815
1235
91
48
13
89
59
13
27
26
29
43
12
16
14
32
17397
85
2501
13
128
25
66
87
188
104
13
93
23
94
16
297
21
955
91
82
2086
43
44
236
668
202
93
11081
93
4313
72
11663
16
131
30
712
16
13
29
14
173
10
145
124
110
809
19
32
2450
12
67
82
207
123
2123
14
751
801
16
1461
153
65
76
199
274
147
6838
1268
110
158
76
36
12
15
144
43
12
13
105
23
28
129
1354
454
12
26
170
755
16
5591
32
45
11
40
32
12
100
12
64
30
24
12
173
73
64
56
45
42
13
304
49
137
761
105
657
321
12
237
12
12
2050
2128
221
45
11011
49
12
45
30
545
228
91
30
29
126
17
40
28
507
166
257
86
22
485
49
84
13
2069
998
729
47
41
102
599
23
19
44
219
125
18
14
17
36
27
26
43
48
80
168
1081
26
276
90
12
15
131
688
50
1060
26
63
253
57
238
11
28
2804
15
30
15
562
132
30
16
301
2341
722
29
41
38
23
25
21
43
747
18
38
11
16
38
76
96
11
24
18
13
14
1477
56
128
50
111
22
400
19
26
22
1165
14
67
3089
101
12
1021
41
24
24
603
99
133
110
28
17
1925
136
249
25
565
210
35
164
23
210
20
215
75
457
355
90
204
32
40
1408
7372
25
873
13
21
21
349
33
280
750
187
89
228
34
235
190
13
26
13
117
1150
11425
12
240
18
2213
16
2720
33
26
11
695
26
11
13
119
16
12
995
21
17
13
13
103
13
50
202
220
273
112
32
89
103
100
13
14
264
11
255
856
82
3458
560
29
205
19
14
67
294
16
2488
4632
223
417
52
50
58
1527
86
17
22
208
1668
23
13
12
92
13
27
85
11
109
12
15
390
141
15
15
14
12
177
14
372
179
88
35
39
18
15
14
443
580
77
4251
63
4567
45
333
67
98
24
630
105
45
46
12
138
119
21
41
21
116
5401
31
119
21
5438
68
15
15
25
14
49
14
178
50
33
221
162
46
105
128
143
31
21
665
54
17
449
652
167
34
75
20
89
33
114
15
26
50
602
17
125
644
39
14
40
19
227
1023
23
6584
1063
1901
1604
14
101
14
17
14
37
533
1327
72
128
172
48
30
21
247
101
168
215
18
16
4001
219
29
18
98
64
18
12
17
11
1884
30
11
337
12
141
38
79
37
132
299
3235
1390
89
21
49
31
21
60
119
86
49
350
115
11
11
752
11
18
10
20
1609
36
27
37
13
45995
68
899
43
375
1893
1436
162
721
1493
43
432
13
504
162
89
24
13
16
26
19
1533
42
18
22
11
28
23
311
26
2466
181
208
84
27
44
28
21
142
19
294
31
35
70
32
97
11
238
44
156
676
201
660
13
300
35
568
116
31
43
27862
14
20
15
31
24
358
13
16
69
13
34
160
23
16
133
1047
66
73
39
23
12
211
60
149
11
40
22
13
138
13
17
44
159
325
2748
608
27
33
242
59
683
536
302
69
126
13
77
15
868
2269
206
66
1739
329
45
148
48
38
166
123
31
801
12
82
200
50
1233
462
3019
379
462
7282
3057
62
158
13
283
86
237
12
73
3616
202
79
1306
19
23
120
1597
12
59
95
395
269
7843
189
18
144
108
59
24
135
59
1279
97
271
13
26
15
13
90
15
28
15
28
816
97
838
129
42
909
92
181
20
798
72
15
49
36
12
14
11
12
51
55
16
14
55
63
28
92
57
111
14
207
13
23
200
12
1022
14
797
95
12
14
24
33
12
12
16
23
30
26
21
100
149
79
175
42
26
12
72
20
375
12
26
103
1128
10
59
84
12
13
79
26
28
18
465
112
47
75
20
12
25
385
158
272
19
13
21
25
61
33
25
29
84
118
28
12
12
412
13
390
20760
29
31
27
29
27938
168
16
36
13
17
25
12
18522
3707
26
23
10
139
27
66
15
58
2282
90
11
34
13
206
12
41
398
154
38
39
50
150
113
16
95
150
36
207
48
55
156
239
646
25
354
75
19
16
16
11
59
59
99
540
15
64
4957
180
122
307
50
45
61
28
15
306
18
40
35
164
12
24
1044
2991
745
42
24
216
203
13
13
1440
36
132
236
44
17
159
226
112
4001
12
13
16
17
14
16
15
13
94
64
11
19
81
728
15
49
8619
12
5453
19
462
301
177
334
14
4750
1477
136
825
4912
12
16
14
179
3864
75
12
21
219
1514
93
57
1079
234
945
43
143
333
21
148
178
776
120
276
15
37
26
13
162
492
11
17
57
74
15
13
12
51
25
22
13
1641
1136
117
13
12
1214
104
117
80
36
618
853
12
55
35
28
14
128
1082
14
202
122
48
37
29
16
24
12
26
117
13
82
81
2771
1223
44
70
142
12
13
16
15
88
14
11
12
104
17
14
131
821
25
15
13
7662
49
13
98
23
15
13
36
769
34
100
56
15
34
19
12
17
30
444
12
70
15
195
461
207
19
16
38
105
317
359
26
24
16
952
88
12
1650
25
1338
12
39
66
334
71
25
681
115
25
96
1152
162
113
24
20
13
31
44
108
34
555
51
244
50
136
44
17
13
36
42
20
47
59
12
110
201
289
29
175
85
25
472
91
87
11
129
39
472
217
57
103
146
129
15
261
45
728
2825
274
18
159
13
34
1133
45
32
111
1573
36
33
14
29
145
32
59
147
68
103
53
24
15
97
55
81
297
183
44
30
161
70
115
795
461
31
17
73
38
13
51
90
5218
13
109
37
1590
620
12
58
74
20
4094
29
23
100
16
54
16
13
122
162
12
10
601
559
31
12
14
134
27
116
13
47
3531
84
38
85
96
108
24
127
13
17
56
14
99
10
370
69
2614
15
268
17
58
38
10523
33
14
216
519
398
11
264
169
167
19
620
56
1114
71
1359
232
476
318
14
22
15
135
43
58
493
3711
25
46
2147
73
19
15
26
176
608
449
84
12
22
28
19
332
20
14
87
12
1165
48
11
1503
98
24
12
276
18
337
25
392
57
23
17
117
11
922
10
12
36
268
30
611
67
12
17
422
124
90
68
174
896
162
188
279
91
44
41
153
554
25
24
12
30
28
26
62
28
29
49
17
214
26
31
329
69
14
96
202
43
1124
55
1043
35
6068
34
358
29
194
427
32
66
386
67
165
15
19
40
36
16
22
111
391
62
49
10247
17
71
29
16
304
169
26
59
47
14
15
22
301
11
25
12
21
56
227
12
91
12
19
28
50
58
27
77
17
51
13
243
85
26152
35
700
16
10
24
23
11
74
60
548
155
27
16
151
15
70
12
230
101
43
12
36
11
354
45
128
42
40
27
18
12
41
45
13
122
79
32
112
24
40
12
1140
2907
226
145
17
29
12
5857
71
90
97
21
2977
12
40
34
42
148
11
3063
18
597
271
28
66
12
144
18
50
10
55
109
40
56
64
222
79
21
36
32
21
11
46
57
107
27
285
21
2936
31
3785
53
1415
121
1233
415
8632
12
65
12
858
571
38
24
129
143
418
11
31916
41825
12
294
104
14
42
4832
512
17
1425
367
80
76
15
14
50
154
1612
81
19
22
164
67
381
16
37
13
29
513
18
60
12
5567
217
47
315
54
50
546
44
53
266
159
13
18
131
25
15
42
14
307
36
12
13
10584
78
20890
70
361
5348
718
54
150
65
449
99
24
15
26
15
37
112
42
229
836
285
453
31
31
123
24
22
229
2497
162
53
16
919
23
190
13
13
32
194
17
3268
208
12
43
27
95
17
399
496
47
21152
43
338
27
166
17
21
232
765
95
16
214
113
31
22
702
1845
49
20
35
854
15
35
69
272
528
29
41
21
158
323
636
284
312
45
679
59
23
85
127
12
16
33
291
53
294
29
38
27
47
193
171
13
45
156
295
564
26
75
24
285
15
41
44
334
12
1565
28
15
68
1343
14
18
43
42
12
114
44
109
465
101
292
12
218
207
2537
133
13
201
668
367
12
465
210
212
106
107
97
12
15
44
950
14
224
39
82
30
13
11
212
7494
17
101
19
37
37
11
658
51
30
32
63
18
68
323
3715
12
36
20
32
243
13
30
118
13
15
106
16
13
706
84
21
67
38
512
185
426
569
155
143
837
236
21
36
361
105
72
279
9
48
20
55
52
104
12
2798
295
87
6
193
44
113
73
13
14
48
14
12
28
30
17
49
91
60
14
20
236
69
42
9
29
19
2353
17
21
135
78
67
13
121
165
73
52
29
213
49
114
277
24
13
203
176
3714
14
1467
3027
25
19
1602
15
11
12
40
131
20
44
29
105
32
34
1138
2835
29
994
12
208
52
223
13
40
834
15
70
25
38
207
37
89
26
31
944
78
56
278
82
21
1092
596
556
894
12
101
16
39
18
403
55
104
79
81
13
39
81
150
387
25
37
12
622
15
300
1848
576
12
632
14
18
27
63
1139
26
62
155
39
54
346
36
15
36
17
534
186
16
664
38
291
132
899
30
178
38
20
31
15
164
94
582
60
28
18
69
18
65
363
16
28
20
236
138
1392
118
3418
17
137
84669
273
1789
1600
704
24
13793
18
13
191
48
16
123
43
341
95
131
23
88
91
41
11
326
3994
44
18
96
16
13
14274
66
32
15
1694
190
56
15
12
153
122
468
182
570
65
169
109
25
167
142
1070
6394
21
59
135
15
77
89
14
89
36
92
221
12
19
77
19
163
3336
1429
22
1822
15
27
15
75
294
42
83
32
31
32
2961
128
12
1345
50
14
28
80
119
19
238
55
65
97
1445
66
13
12
12
51
574
64
1259
37
53
145
12
13
116
14
68
39
78
77
147
144
36
121
50
26
64
140
43
119
124
34
54
64
11
242
14
147
12
50
14
13
30
154
31
10
34
98
33
127
84
31
17
12
12
12380
62
15
68
14
16
90
55
14
26
13065
264
17
111
55
1416
13
124
986
18
214
31
90
135
13
11
14
475
12
70
82
31
40
19
23
11
196
32
19
21
16
27
211
18
141
296
75
72
17
12
90
1039
108
14
77
151
18
24
13
36
27
219
46
1434
15
20
29
26
75
145
15
131
25
37
12
14
27
20
297
15
16
39194
20
12
211
15
10
13
26
21
15
193
739
98
14
137
196
69
51
65
63
246
25
50
15
80
23
1533
378
46
163
986
481
35
12
153
24
18
37
1707
355
97
79
1539
12
33
238
23
1831
16
472
619
10
355
61
1383
56
278
19
113
20
35
43
26
16
16
251
14
86
239
35
13
15
14
88
167
86
153
27
13
172
13
398
34
26
294
80
12
32
44
64
10
11
769
31
17
3083
190
1348
72
15
219
68
10
161
508
29
171
47
12
8170
15
286
80
3380
435
6189
420
12
277
26
153
20
52
16
310
144
5443
81
14
145
12
11
385
30
172
77
192
112
13
161
109
35
24
13
31
13
81
57
14
19
984
65
99
59
13
202
15
54
217
16
224
198
66
222
59
46
4737
12
31
30
297
70
160
21
310
50
194
93
714
838
27
108
16
38
14
34
25
58
73
39
22
15519
14
150
29
42
7198
43
13
240
35
634
12
16
26
31
27
38
269
24
241
36
13
12
73
36
12
137
15
12
33
935
42
12
13834
15
329
33
438
22
17
76
49
18
36
667
31
31
13
14
20
290
38
773
41
3489
92
12
420
15
16
4643
71
38
143
1650
131
31
70
30598
411
14
278
56
14
36
40
82
186
15
83
690
22
400
1888
132
11
34
213
813
230
42
105
38
64
101
29
170
308
89
51
158
74
325
19
15
33
200
966
49
3045
19
258
462
55
34
4614
2033
1395
772
19
129
40
31
135
57
140
434
151
190
23
14
70
25
43
329
20
1019
1685
26
53
690
31
35
297
52
1439
12
66
32
44
339
18
122
47
270
52
376
15
216
23
8098
46
41
5394
265
10
15
541
23
142
12
847
1914
166
15
15
201
22
58
73
340
15
12
329
37
366
3065
