0
2078
1775
77
39
290
706
77
0
14
5607
1910
6
39
31
523
1044
2992
79
3610
649
160
251
873
0
825
2926
4360
693
3382
8
861
381
29
4904
773
3472
46
14
115
161
834
0
1
7
0
5
2
12
38
6
12
1423
3
64
535
1
5810
1004
168
146
0
10
23
23
11
1271
32
484
3
8796
1438
7981
10
3
1105
10
2923
6385
39
509
21
7698
1057
65
176
1154
1947
59
17
20
3
2
126
6155
1422
2
12
604
65
81
1591
171
414
1174
248
5874
7
155
312
273
1046
687
3639
518
10
557
6579
75
61
147
1200
1916
655
7
0
449
51
158
141
1513
5828
6
1092
217
1
29
409
1087
28
859
2774
80
6
506
635
5
7
558
729
251
106
2041
4784
62
6
6822
1381
2
8365
7
4536
209
197
91
93
81
3
19
2147
7435
3089
6930
97
1
0
123
54
6787
6
12
860
1679
205
5830
2
435
1
8227
123
447
7612
2467
50
2
944
3
611
7019
2794
2
7
98
231
4965
2
15
4523
955
1
663
165
168
19
105
217
4878
16
7525
332
95
159
51
4445
36
225
130
29
39
191
3057
1
6
17
167
2
171
2320
6719
2232
41
2471
1635
2
6
3
10
2
5558
188
8407
0
2
28
627
397
281
2
1631
163
204
6635
61
17
707
47
31
274
6
2
104
472
4345
43
2
1282
1495
0
99
581
34
112
638
15
55
3005
2
193
123
135
83
50
46
52
33
3292
219
165
35
187
5
64
37
38
1096
527
1905
956
1
8
522
2643
4017
8073
5046
8846
8388
6785
659
7089
175
4089
8
662
2
186
0
178
3
9
6
3
12
691
56
12
15
35
12
95
8
0
5
3
22
222
919
7
65
11
89
1
14
8
701
14
4
220
74
42
6
17
10
3
9
9
282
2
5
12
14
16
9
56
76
30
6
104
122
21
9
4
122
22
5
87
82
6
17
11
4
83
16
2
8
7
6
27
6
4
10
10
15
41
12
7
27
47
47
17
14
28
23
42
248
39
11
6
4
6
79
4
73
105
21
2
26
124
57
54
256
25
113
25
8
4
9
422
13
202
15
79
39
33
3
4
90
2
253
95
288
15
167
12
8
28
66
37
62
110
149
186
5
138
30
249
43
15
5
93
4
32
7
29
48
5
220
15
12
7
50
5
12
60
12
6
82
72
17
25
24
177
33
39
212
0
16
27
11
44
33
7
7
15
3
23
252
7
6
2
5
0
40
68
125
14
31
23
20
37
14
20
8
10
108
13
53
16
161
30
42
31
49
38
52
132
30
18
48
25
9
132
43
29
27
42
64
27
6
100
7
3
13
6
11
22
18
4
6
4
5
19
38
6
164
143
40
115
30
34
127
10
46
88
75
10
16
6
7
5
21
29
83
221
10
7
17
40
17
24
35
34
16
6
19
9
42
15
73
6
71
18
7
75
10
7
17
11
5
37
5
16
12
7
12
38
13
16
21
7
7
18
15
2
14
5
27
238
48
58
5
25
13
4
68
11
71
1
21
7
22
20
14
14
10
10
15
15
11
11
11
11
11
11
17
12
12
12
12
6
6
12
5
5
60
13
7
86
70
73
28
18
29
28
111
98
123
2
25
5
10
29
81
192
8
16
4
6
29
11
16
15
9
6
8
4
5
17
13
20
3
25
13
6
31
18
3
12
16
5
140
9
6
26
6
11
4
6
5
3
12
8
7
14
4
28
10
10
5
38
9
32
58
44
11
14
4
6
19
8
37
19
3
24
11
4
8
5
8
32
22
23
17
87
3
192
10
33
22
20
509
5
5
185
24
24
4
24
20
18
30
33
26
21
10
33
6
42
27
114
182
364
15
13
49
9
35
22
45
49
56
44
10
27
42
34
34
7
124
202
18
10
7
13
3
5
31
28
34
105
234
21
311
6
4
4
7
20
8
8
27
357
4
34
35
15
32
152
255
35
240
194
142
331
62
322
38
25
26
58
189
79
44
41
53
8
18
43
67
929
72
5
380
23
118
25
478
408
223
220
50
756
262
35
656
404
108
20
818
39
54
190
63
239
210
130
100
6
17
97
68
557
189
343
36
64
5
11
87
40
9
31
26
97
7
7
4
63
138
15
5
5
225
67
114
72
6
10
813
56
20
3
243
10
3
15
10
25
17
135
3
61
71
9
15
11
17
5
4
43
428
16
11
86
31
21
359
11
13
98
514
40
296
5
71
19
4
15
93
7
206
5
7
7
184
252
6
16
63
35
48
275
241
352
183
4
23
15
118
7
13
101
16
14
9
52
39
8
15
8
88
166
165
120
5
8
11
5
176
6
17
7
24
10
10
390
96
7
56
33
37
30
28
12
43
6
11
65
3
38
18
123
16
3
7
18
4
3
40
88
9
10
74
5
19
17
11
18
6
654
103
2
52
122
5
381
19
4
10
10
14
7
15
8
8
5
13
13
19
9
42
40
38
13
13
338
5
17
71
341
262
278
5
49
4
4
21
187
79
8
24
135
3
19
176
28
34
10
21
34
10
0
23
4
11
11
6
22
3
52
6
8
3
5
15
5
334
6
42
4
4
65
99
24
106
4
11
16
27
14
7
9
371
5
11
43
4
12
92
12
6
5
31
45
37
4
17
6
6
6
6
4
6
2
17
17
8
49
5
5
9
8
39
5
5
8
5
3
6
32
12
16
10
5
3
5
5
4
2
13
2
10
13
5
5
50
5
18
2
10
4
9
9
10
13
20
104
52
22
9
9
5
5
19
27
6
2
2
2
13
26
4
1
10
13
2
7
4
83
22
3
4
3
6
14
4
4
5
5
5
4
7
2
5
6
4
1
1
12
19
14
23
3
30
2
8
3
5
19
2
2
15
1
4
25
6
1
1
16
1
1
36
4
4
1
4
