0
21
18
216
862
73
19963
59
50
82
74
73
95
22
616
54
108
33
157
217
4785
2670
226
74
32
6865
79
50
83
65
23
26
1791
609
1154
111
51
289
3042
32
94
200
30
24
36
589
919
6265
29
38
86
74
86
53
77
281
38
37
46
218
20
49
43
32
19
474
47
29
46
24
21
56
46
40
285
35
1009
29
98
27
234
24
149
45
57
23
24
36
59
64
80
182
70
31
164
25
87
850
69
236
42
18
1374
12931
759
64
26
64
741
191
21
20
204
103
232
88
80
91
414
91
20
1818
3417
127
26
467
22
124
819
1267
28
67
18
97
78
3648
19
86
214
1600
530
267
31
21
96
69
44
27
3899
20
92
42
26
63
96
26
1863
56
100
7620
69
20
207
59
1175
23
30803
3635
617
47
81
159
58
54
187
286
171
142
320
42
27
41
21
283
309
80
23
37
61
579
81
24
44
26
35
500
27
62
85
69
24
1708
70
263
57
401
389
25
35
43
69
3622
89947
44
36
99143
43
147
103
41
32
394
5137
17
278
68
13736
20
19
81
31
137
3396
1032
115
663
93
19
560
15251
36723
116
1003
91
34
647
177
25
645
11956
226
6678
69
1142
654
1097
83
177
88
532
563
22
21
633
167
15136
406
108
2274
28
269
38
3886
18
544
54
50
24
331
43
23
52
851
103
415
3247
705
19
18
1518
6833
33
204
219
117
203
51
183
21
237
2821
23
426
4007
146
138
1000
207
214
227
1146
46
83
129
45
264
326
323
118
50
229
25
32
39
27
24
673
454
19
32
133
26
40
40
29
24
9048
944
35
525
40284
126
23579
218
20
44
216
107
830
54
45
42
30
16
866
3827
167
28
56
21
55
353
21
350
53
278
21
107
85
27
41
142
435
108
20
21
19625
444
93
35
1067
470
74
27
83
83
39
29
109
46
1208
605
37
70
23
10999
26
904
40
22
138
116
305
238
33
18
643
72
43
123
76
25
186
54
200
7564
8223
1159
403
457
95
42
53
801
801
1020
78
377
160
22
22
67
193
4516
273
1064
1697
105
24
25
317
89775
49
47
34
23
99
336
1204
468
20
20
303
21
4881
23
26
4214
126
84
2724
444
26
46
41
73
93
23
14890
28
49673
353
41
103
48
867
40
935
71
341
2532
60
23
64
6768
113
37
96
36
149
57
2603
27
120
21
224
58
91
19
10220
486
15
1538
18
110
116310
35
1169
34
35
77
38
312
60
60
36
46
224
227
295607
53
314
575
257
22
583
37
403
339
384
4004
55
82
34
1568
168
45
23
1080
2257
52
51
65
110
422
191
20
29
105
9365
78
83
22
194
112
28
47
96
13932
84
27
181
996
39
45
106
20
581
996
665
32
30
33295
71
26
38
16147
330
32
19
83
44
40
592
28
20
89
3415
8284
715
28
86
1339
495
114
2520
22
980
435
96
171
35
56
82
41
39
2178
6149
166
54
419
274
22
61
24
22
20
26
252
509
187
25
66
22
40
83
147
49
189
234
81
43
166
109
39
22
62
106
370
55
27
22
99
32
24
481
43
101
3735
194
86
1137
342
21
92
38556
89
54
26
117
2773
119
4384
486
23
49
15
20
84
1312
62
141
27
143
43
304
1497
93
44
31
26
1863
240
30
21
53
15
21
34
33368
46
34
37
22
159
48764
26
96
2136
49
40
77
51
1030
38
424
50
19
5649
5799
818
151
40
88
27
1120
20
80
19
45
239
57
52
110
124
144
104
111
1203
196
121
1094
31
32
150
290
34
260
31
21
372
58
43
20
130
278
716
899
259
75
553
46
3048
26
65344
35
703
56
30
44
92
355
2311
81
2719
91
356
133
80
471
162
9175
58
366
32
657
44
406
55
47
411
24
70
78
29
20
119
124
618
50
1014
1425
26
45
31607
67
134
984
318
22
168
7314
71
366
23
215
30
288
1019
299
29
67
165
33
19
290
42
23
2699
95
53
4493
110
60
211
203
8157
2059
1614
172
24
28
64
28
4461
338
19
165
27
1668
21
606
289
31
31
18
194
560
237
889
45
173
655
19
1007
29
35
174
190
54
120
10613
225
450
21
277
3544
327
21
180
665
85
54
23
32
29
46
283
44
145
26
50
21
86
37
553
120
35
20
39
24
176
46
20
35
277
20
106
1604
47
1373
91
804
46
27
75
25
266
953
28
4871
88
60
4503
1104
38
1883
192
101
28
39
22
49
773
55
566
678
46
725
26
99
207
2123
37
147
18
1025
163
21
48
72
66
31
146
648
1526
46
34
182
146
73
20
527
192
117
2556
40
315
187
243
1700
430
75
336
217
3752
34
397
70
255
2249
678
202
28292
2551
101
107
174
44
119
34
59
1037
263
63
42
1247
82
23
35
35
31
443
12412
23
23
23
89
303
89
634
196
67
161
24
25
74
19
26
353
95
110
43
34
58
51
336
128
140
111
187
743
46
509
112
323
186
2069
38
88
68
42
39
88
47
655
23
43
2161
26
194
680
21
33
37
373
181
104
85
549
30
2362
18
97
24
47
26
44
79
27
26722
511
1475
47
25
298
24
1145
923
19
1444
160
620
137
538
128
61
1553
20
107
376
80
184
30
124
110
631
90
49
50
754
1115
423
572
22
22638
149
100
8473
160
3644
78
1024
483
186
85
21
24
25
104
44
98
511
24
59
104
36
15
41
346
161
69
340
23152
3248
25
100
1032
28
54
47
82
1776
319
20
221
125
107
646
7275
291
233
281
492
461
481
148
218
6329
39
184
30
1863
31078
90
97
28
172
232
718
888
54
33
21
57
38
342
58
74
20
38
84
2086
23
270
167
1290
53
18
24
35
100
25
310
24
20
197
5294
987
80
151
64
22
3108
5073
43
49
148
6423
511
55703
1018
95
20
61
112
58
41
174
348
90
2005
342
25866
718
1178
635
325
142
170
47
195
14989
34
64
49
1155
575
19228
61635
630
642
284
20
30
5031
749
41
423
322
1206
9767
19
46
1622
71
1883
91
41
26
38
24
100
71
269
22
24
435
53
315
8921
89
15635
240
33
8269
97
21
29
1735
712
198
4872
2136
17
96
1559
35
147
520
1521
22
69
5451
57
79
20
125
20
25
24
39
39
20
6305
18
47
24
113
36
49
4285
16
1697
58
22
224
347
23
21
401
77
499
145
114
294
26
38
419
54
901
2934
23
546
773
66
26
698
1805
172
151
25
434
92
85
20
106
378
61
349
47
193
24
30
35
59
54
21
32
110
38
602
65
25
77
2605
38
674
48
64
1538
311
749
172
225
25
1364
9611
154
638
75
54
174
104
611
891
30
45
36
143
35
67
161
170
573
490
193
180
3188
43
1913
25
48
27
24
48
21
21
99
28
32
88
136
509
75
209
1738
176
317
212
173
163
475
360
214
258
34
284
55
348
1488
22
1455
175
58
324
55
37
266
198
23
27
39
144
19
1866
25
30
140
36
44
30
48
189
33
260757
24
1552
11502
69
529
312
2650
19
37
260
251
128
19
35
40
21
5413
25
55
49
947
32
96
302
15
521
59
47
27
150
56
441
42
48
157
195
433
197
54
1949
636
251
774
71
22
35
132093
26
34
1187
186
71
18
220
29
34
44
46
2731
51
85
47
22
23
449
1612
116
22
54
37
99
25
130
117
24
601
101
1555
332
36
281
86
1586
55
125
34
312
31
35
286
19
91
990
45
173
818
109
44
134
90
1439
60
23
19
993
23936
141
86
103
154
520
46
28
175
78
17
104
81
48
23
111
38
48
43
956
37
25
21
29
28
41
72
1206
19
19
245
221
53
23
47
95
34
89
45
60
384
375
39
41
24
22
227
51
25
350
2465
12359
666
81
43
31
18
104
21
76
97
45
78
133
44
34
30
2832
265
961
961
52
651
88
1387
151
437
185
251
41
25
36
298
114
383
52
18
186
23
19
285
20
45
3565
985
208
471
318
20
27
27
26
24
9595
19
167
148
74
1423
88
178
22
18
40
48
24
100
20
277
37
19
118
45
209089
30
113
20
321
1016
2725
291
21
33
698
2542
191
425
2494
2390
29
225
9207
38
22
200
26
27
107
113
182
36
628
21
61
75
95
92
2670
40
1939
1915
26
2690
1859
3749
3061
24
2060
25
20
33
201
108
1506
100
1296
110
5747
850
93
178
108
19
143
438
22
64
545
713
353
545
170
170
25
68
268
160
211
121
27
47
20
19
25
35
123
56
35
736
50
928
247
50
102
113
105
21
107
30
5903
317
28687
1444
317
30
26
164832
35
106
266
113
1295
20
241
12168
549
70
298
20
180
88739
34
15638
59
33
4230
20
36209
2349
142
40
74
246
23143
47
295
86
47
42
217
425
29594
82
214
131
230
80
80
22
42
29
24
16
27
988
851
77
50
24554
80
44
628
462
6347
127
154
251
37
20
384
295
6103
2637
22
29
91
113
313
775
37
1011
91
221
2054
26
57
495
49
192
41
193
29
830
368
5629
92
208
701
642
3195
33
323
43
91
2294
48
61
571
414
59
37
102
48
505
23
3334
393
342
13202
38
374
77
87
6444
91
24
24
31
546
48
24
22
167
100
29
102
30
24
88
841
36
41
29
2388
584
68
1869
23
660
33727
35
210
250
1959
110
168
66
448
33
235
1281
466
108
50
622
41
21
943
24
84
100
267
43
25
118
21
51
23
93
26
27
303
40
21
92
38
82
47
7530
200
85
85
39
72
103
79
80
70
297
38
3523
2552
34
21
826
133
91
57
98
1047
52
19
21
499
22
1617
255
21
1575
597
113
224
144
353
1733
3200
161
52
63
124
191
818
27
620
62
173
403
1045
48
187
229
1634
20
57
1058
289
51
1787
744
34
27
35
68
72
533
191
805
32
14621
1704
37
19
15282
1066
18
23
199
66
301
342
48
191
265
32
35
290
133
1595
39
189
41
60
36
65
31
770
114
30
69
45
195
24
56
135
119
220
43
24
48
1160
67
20
18
84
39
91
40
1378
50
111
216
253
54
64
47
56
64
57922
86
11980
1216
182
56
229
9754
19
31
945
74
38
4613
26
151
87
62
91
74
75
63
6034
23
430
30
238
26
468
8680
8051
19
34
214
1485
27
45
130
48
744
30
4718
23
23
29
366
39
11257
202
378
27152
4802
1722
854
278
25
737
1093
510
80
56
244
49
29
23
18
92
30
18
1567
60
205
290
24
22
958
31
44
21
106
107
322
50
85
138
41
53
45
34
1263
4434
4719
282
47
644
24
31
24
49
619
62
42
148
105
133
20
105
76
30
21
30
2050
26
155
34
387
80
880
1174
55
26
27
1755
38
129
122
39
38
6165
808
54
643
113
56
126
27
19
66
41
157
3592
2233
22
28
61
167
468
110
20
1075
163
26
71
288
27
48
934
18
46
108
822
27
26
283
27
177
50
19
83
36
289
20
73
565
65
483
76
381
853
21
42
104
25
95
44
610
214
97
28
25
85
25
1760
72
154
1085
2909
50
46
52
66
18
168
178
449
75
52
66
46
38
26
158
23
23
43
37
366
303
405
56
20
21
24
24
291
36
224
1351
2825
46
337
204
138
20
68
544
92
2368
99
28
58
25
3412
39
43
741
21
110
838
22
498
1740
31
20
20
22
19
25
58
203
579
28
39
218
50
21
383
26
102
4359
710
1997
110
110
27
22128
26
84
4264
136
455
1485
2903
54
32
23
44
25
1890
21
29
55
313
42569
36
183
30
26
35
78
40
6280
23
5156
49
60
247
55
79
175
22
91
48
23
55
38
252
390
93
119
154
29
139
952
134
185
90
33
51
51
24
25
18
35
81
105
61
37
63
57
137159
23
8483
18
571
32
22
489
255
223
72
229
744
108
64
18
30
850
42
24
808
49
434
23
45
583
28
1178
26
241
93
1339
36
53
21
1780
35
645
284
416
965
37
24
1906
86
455
51
37
375
4068
1177
961
55
118
64
197
210
67
39
201
44
126
40
378
76
37
40
22
69
35
170
34
62
83
109
30
21
67
173
126
54
140
520
299
28
92
112
86
16
29
100
730
21
9487
62
21
36
68
32
54
30
32
88
883
104
22
26
355
241
107
818
1993
123
5184
670
400
317
27
53
104
80
844
31
719
90
396
484
22
64
30831
26
1658
16
607
26
437
99
504
1093
265
9629
55
13632
4253
5535
126
77
59
7268
21
158
101
471
348
36
25
775
527
30
27
35
61
22
20
19
55
5388
253
304
465
348
22
39
20
5672
20
602
80
31
389
95
84
27
233
522
58
142
71
161
45
24
526
40
31
36
28
53
97
53
1621
35
81
59
660
348
44
2434
439
409
604
124
68
93
48
31
59
41
9294
247
30
7372
23
371
38
244
950
21
386
102
182
22
830
23
17
82
74
157
52
3074
88
45
267
152
69
10846
821
16
814
43
135033
89
29
33
319
105
302
137
34
253
151
26
10525
165
249
1208
91
1166
20
127217
52
19
44
176
33
13131
98
1097
103
38
49
80
29
541
250
281
204359
21
70
486
79
535
70
49
78
281
278
26
203
259
58
59
24
18
21
3289
163
34
41
1993
2621
1706
30
187
52
1459
49456
18
32
133
53
1350
38
206
21
498
472
11242
327
20
27933
34
15607
82
2903
44
30
22
2201
378
60
55
32
114
241
368
319
1331
42
174
3849
210
73
6532
302
44
29
35
76
86
24
37
29
49
18
32
21
56
158
24
479
205
66
39
92
38
192
24
43
733
33
21
67
162
56
100
76
28
28
155
25
42
24
67
22
156
71
115
21
20
78
101
73
20
112
29
45
30
189
28
118
43
42
138
47
41
24
383
37
25
45
91
33
53
1134
35
21
126
59
146
22
312
188
43
154
35
233
66
367
60
26
74
96
15
40
112
4326
53004
47
186
28
67
192
2488
118
22
38
25
2089
23
23
53
236
21
78
93
30
258
53
45
269
232
15
35392
19
26
5432
73549
85
32
19
44767
25163
147
1491
1076
211
175
191
222
1324
23
20
86
44
64
132
27
770
53
54
32
23
189
676
49
606
29
1717
463
4176
547
3778
251
72
1974
593
60
76
66
174
138
34
276
67
53
52
2151
290
771
80
293
22
25
731
847
19
38
111
137
1102
23
5808
115
659
130
77
17
64
727
29
625
52
3340
193
24
27
2650
24
935
229
142
1468
91
13
65
23841
83
46
19
65
116
46
29
107
63
95
33
69
15
11784
493
22
242
41
107
41
128
743
37
22
14
22
115
20
251
30
25
73
252
252
20
20
89
21
332
54
37
30
20
1402
298
594
25
177
5560
29
32
308
48
3548
356
22
36
384
31
3550
42
2467
261
854
27
969
28
370
1368
56
21
2666
1667
15
502
69
1059
297
29
26
27
663
19
149
318
257
467
2788
26
162
35
61
62
81
22
71
820
20
1772
34
3520
21
420
19
306
1262
292
464
20
28
36
497
301
73
657
34
302
76
634
24
93
675
20
1737
18
3852
44
69
22
20
58
24
70
79
31
175
20
85
105
27
121
231
30
26
53
440
93
448
851
283
4905
19
359
40
1089
52
76
1666
78
20
19
51
2096
28056
41
400
1055
21
6357
22
81
29
32032
650
81
53
572
8501
103
58
26
44
358
74232
156
43
32
1132
5417
896
32
23
21
52
121
54
164
1080
108
28
79
48
26
36
262
200
156
45
1562
66
843
59
505
128
23
33
58
20
1054
28
5952
25
288
132
38
306
27
28
27
565
26
31
764
34
2066
2110
64
30
67
121
8338
310
125
295
23
611
473
67
416
3095
314
265
310
349
100
21
53
255
18
170
251933
1633
22
1299
169
4158
27
88
12
19
32
53
201
64
29
26
24
169
30
30
66
10621
119
42
48
81
206
37
647
24
3230
97
30
404
27
15
28
18
27
14819
110
32
79
32
46
2391
946
41
148
670
24
102
23
20
23
648
26
853
301
50
145
62
59
29
72
1789
120
1752
26
447
453
173
24
873
55
725
45
309
67
1924
20
24
38
5112
145
197
798
43
10752
64
222
184
35
22
42
565
38
49
33
141
34
235
21
3154
310
73
852
2010
440
155
563
33
204
147
26
1411
350
48
23
96
59
21
67
29
132
49
65
41
710
910
20
39
19
307
2054
2153
107
21
35
91
77
169
12974
121
37
68
21
6659
34
451
92
55
142
47
1741
4988
264
128
42
22
476
40
7932
9165
127
728
30
661
78
19
146
57
104
63
281
320
285
33
21
72
1839
22
2196
3768
423
119
376
120
275
27
191
338
315
1896
25
4104
234
54
107
524
47
255
67
4726
303
50
157
55
3260
86
28
29
45
30
11644
188
598
235
131
165
235
417
22
414
16
386448
3806
29
318
78055
42
78
171
20
30
40
45
21330
57
35871
39
769
159
159
10604
30
24
88
39
242
23
21
6578
69
40
120
22
106
30
28
582
699
71
27
27
19
20
3022
1951
41
54
114
331
24
29
55
94
145
851
5775
370
76
70
174
698
18
129
20
3559
250
622
34
154
148
379
408
2960
328
792
1787
104
22
127
85
96
5146
111
42
59
27
45
16905
140
67
24
22
40
20
755
118
1554
1773
51
32
377
398
127
1637
1869
49
1100
730
34
68
23
62
530
75
54646
27
103
46
8806
166
45
47
23946
2385
232
30
119
246
1389
244
76
120
20
60
286
1444
985
107
424
71
51
42
137
36
583
21
75
70
95
67
37
77
22
237
44
142
220
107
469
147
47
178
22
150
209
23
20
6982
424
733
253
1099
101
30
831
27
136
231
80
30
73
107
4832
60
83
26
85
615
284
380
384
23
224
157
119
11776
940
999
26
949
20
768
26
21
27
132
48
481
780
4670
28
7399
37
120
37
1175
49
117
49
687
42
137
38
1207
50
42
1059
66
407
23
30
61
1728
283
62
2525
85
44
132
93
8494
5656
31
67
35
22
252
34
836
35
86
61
46
1936
32
157
1790
2274
1991
93
32
36
19096
227
24
84
823
34
166
445
64
23
64
9634
52
548
1137
20
19
76
41
814
23
31
3698
15
46
297
36
68
840
33
82
51
48
4306
36
93
59
25
20
32
3970
271
3315
18
25
751
299
17
203
44
435
28
230
32
182
27
61
275
3799
25
4287
59
323
50
29
81
20
92
33
450
30
81
475
95
133
144
164
40
22
432
15
18
19
313
1206
35
67
36
44
27
257
632
136
166
46
40
54
40
136
121
56
54
22
31
3686
40
119
382
38
25
27
188
184
202
285
212
18
24
24
3524
762
84
30
27
941
47
48
21
72
294
78
856
69
69
55
99
108
75
35
27
722
21
25
94
38
408
399
33
21
140
50
191
9634
46
20
34
60
59
34
144
26
22
20
28
28
201
884
39
80
52
132
120
29
20
334
23
47
85
206
60
2139
19
60
114
201
48
67
27
34
107
46
584
50
500
68
699
129
31
90
166
127
21
23
42
657
27
1979
136
212
481
52
71
34
97
120
30
1309
459
2364
109
811
182
78
444
23
20
206
40
44
43
247
90
891
173
60
215
38
225
49
441
463
36
532
61
18
26
286
125
32
47
20
41
34
19
85
981
20
45
20
20
79
64
567
173
36
21
59
43
155
43
4541
28
133
248
151
1665
5645
218
34
41
45
29
78
27
163
1158
6678
33
33
480
6853
198
44
1772
1751
993
68
54
56
53
19
48
40
57
23
1024
584
327
949
23
358
56
65
27
40
39
39
30
25
51
23
38
21
24
24
23
192
81
21
24
213
238
29
163
24
73
223
21
30
247
33
1723
51
114
23
47
213
25
481
204
426
53
87
35
277
18
420
33
102
21
49
378
38
26
11295
38168
26
88
52
262298
51
148
56
31
129
55
42
86
32
46
91
332
22
39
37
25
1706
28
541
47
329
619
30
58
28
34
270
79
224
35
1620
3376
129
63
27
66
36
3884
165
19
113
86
371
76
369
40
24
259
20
164
2310
60
5463
91
1434
155
20
171
66
367
32
61
18
401
73
57
24
39
20
854
790
234
194
1293
35
44
21
46
9315
87
77
165
56
21
110
34
97
10053
20
27
24
2135
281
876
27
258
57
584
75
6994
19
41
31
97
21
46
22
45
2567
1923
475
8269
379
60
1643
53
19
53
36
91
225
35
19
115
106
345
1043
33
141
41
245
28
23
50
75
268
178
152
437
5077
168
1163
28
2346
782
104
594
46
118
6029
22813
2013
67
23
1208
4144
61
409
434
35
313
72
46
85
54
24
18
529
247
49542
29
1017
3698
187
343
340
16424
258
907
1050
44
19
1252
506
37
15
26
63
133
10468
61
297
109
73
145
51
211
14531
24
20
594
124
59
111
47
58
3686
53
143
511
21
96
1469
650
103
61
88
70
33
669
136
30
141
19
90
90
53
823
141
49
977
172
97
188
64
22
156
129
43
31
368
21
43
28
65
357
141
41
1786
26
33
69
88
34
621
128
50
705
21
33
25
139
25
38
210
15
32
307
259
138
32
98
21
107
5324
2549
16449
301
292
9045
65
110
32
46
191
4223
34
36
32
312
56
349
28
167
11264
9367
142
58
99
14626
2740
32
5465
166
119
1428
271
312
25
1687
23
19
20
17
34117
32
44
4402
20
20533
157277
22
1177
246
32
41
23
1517
324
58
47
265
380
22
41
151
26
35
269
175
48
23
18
32
54
99
491
57
39
112
1732
36
1894
211
57
120
32
45
34
17
913
26
45
310
26
93
18
74
1258
229
138
34
7144
435
114
225
24
219
33
240
659
162
35
246
3981
23
212
20
95
290
118
187
46
30
28
29
704
1704
330
7498
89
87
83
2159
97
93
149
63
76
153
4300
982
42
198
62
21
20
45
74
106
208
3879
202
981
64
23
25
1457
70
51
31
25
412
36
630
105
488
195
88
1535
27
2022
27
22
366
5856
542
34
20
38
12899
28
8546
22
50
33
854
40540
75
26
26
304
24
255
1030
22
22
19
40
26
676
33
221
43
98
42
448
191
74
69
471
77
19
13272
211
78
21
19
47
2588
3731
775
1312
1695
2020
172
523
2499
12954
35
24
4074
71
535
63
25
131
151
23
20
